1 50
-1.000000 0.000000
-0.960000 0.036864
-0.920000 0.067712
-0.880000 0.092928
-0.840000 0.112896
-0.800000 0.128000
-0.760000 0.138624
-0.720000 0.145152
-0.680000 0.147968
-0.640000 0.147456
-0.600000 0.144000
-0.560000 0.137984
-0.520000 0.129792
-0.480000 0.119808
-0.440000 0.108416
-0.400000 0.096000
-0.360000 0.082944
-0.320000 0.069632
-0.280000 0.056448
-0.240000 0.043776
-0.200000 0.032000
-0.160000 0.021504
-0.120000 0.012672
-0.080000 0.005888
-0.040000 0.001536
0.000000 0.000000
0.040000 0.001664
0.080000 0.006912
0.120000 0.016128
0.160000 0.029696
0.200000 0.048000
0.240000 0.071424
0.280000 0.100352
0.320000 0.135168
0.360000 0.176256
0.400000 0.224000
0.440000 0.278784
0.480000 0.340992
0.520000 0.411008
0.560000 0.489216
0.600000 0.576000
0.640000 0.671744
0.680000 0.776832
0.720000 0.891648
0.760000 1.016576
0.800000 1.152000
0.840000 1.298304
0.880000 1.455872
0.920000 1.625088
0.960000 1.806336